4
	10 10 299 
	100 100 299 
	200 200 299 
	210 210 299 
1
	150 100 1'596 77 0 1 0 1
		1.56 4
18
	160 180 297 6 0 
	30 220 297 7 0 
	40.0432 124 297 7 1 77
	150 100 297 9 0 
	96.8547 174.384 61 3 0 
	79.028 161.39 54 3 0 
	57.1539 177.71 47 3 0 
	227.745 144.868 45 3 0 
	49.6771 201.814 40 3 0 
	193.128 123.561 39 3 0 
	201.704 137.197 38 3 0 
	50 220 33 3 0 
	178 100 32 3 0 
	175.537 143.571 31 3 0 
	161.132 164.04 24 3 0 
	29.8731 183.576 20 3 0 
	20.2482 161.183 13 3 0 
	40.2591 143.999 6 3 0 
