208
	4 6 352 
	243 186 484 
	235 194 177 
	232 151 411 
	11 86 296 
	155 168 248 
	219 202 247 
	179 204 420 
	254 40 259 
	203 87 477 
	19 110 81 
	189 47 312 
	243 195 20 
	99 146 66 
	233 145 406 
	148 73 242 
	4 237 388 
	222 51 323 
	184 33 29 
	237 186 290 
	217 248 320 
	83 39 14 
	19 248 252 
	63 128 369 
	5 198 253 
	41 231 232 
	193 226 171 
	32 228 193 
	70 39 119 
	20 214 469 
	235 93 94 
	194 19 300 
	176 211 117 
	214 253 363 
	12 184 209 
	221 237 33 
	16 145 143 
	239 229 452 
	29 105 384 
	205 14 139 
	106 45 370 
	128 195 444 
	66 254 31 
	114 31 47 
	144 226 390 
	147 254 496 
	47 111 305 
	104 8 354 
	177 91 54 
	58 22 74 
	46 224 75 
	108 25 371 
	164 32 165 
	22 24 432 
	222 166 498 
	220 224 105 
	64 209 79 
	29 160 153 
	206 42 181 
	189 241 141 
	161 41 465 
	163 148 65 
	254 122 228 
	28 248 262 
	208 95 438 
	204 130 11 
	109 205 410 
	119 253 265 
	74 83 224 
	120 255 174 
	85 27 214 
	249 19 377 
	19 207 97 
	208 112 409 
	104 38 15 
	215 73 328 
	34 235 297 
	238 205 113 
	123 182 80 
	229 2 270 
	184 121 64 
	205 187 458 
	133 124 86 
	224 97 76 
	252 16 421 
	179 92 196 
	125 111 499 
	49 247 279 
	160 190 37 
	140 68 212 
	30 220 383 
	165 232 135 
	46 230 353 
	239 73 192 
	214 14 373 
	11 102 161 
	175 85 89 
	80 34 415 
	239 219 133 
	194 99 374 
	221 221 443 
	8 249 183 
	234 79 225 
	136 136 467 
	94 251 237 
	18 216 416 
	156 165 58 
	148 38 392 
	210 103 331 
	243 237 301 
	20 148 434 
	195 1 144 
	212 12 396 
	150 206 124 
	235 185 258 
	199 58 158 
	37 227 350 
	219 56 69 
	116 233 116 
	170 87 435 
	234 74 159 
	215 8 211 
	10 241 261 
	25 99 462 
	31 242 180 
	169 4 273 
	17 234 367 
	100 204 229 
	146 125 8 
	174 6 60 
	166 142 93 
	228 233 449 
	103 210 151 
	127 201 98 
	254 212 365 
	78 27 170 
	12 38 216 
	217 1 140 
	178 39 336 
	42 101 156 
	156 94 7 
	46 27 412 
	47 98 90 
	143 70 218 
	33 15 385 
	11 112 85 
	200 135 448 
	232 234 6 
	124 237 321 
	246 5 96 
	28 227 486 
	148 63 402 
	255 196 311 
	179 240 348 
	85 86 152 
	97 19 366 
	114 88 39 
	82 95 313 
	126 65 9 
	175 224 413 
	140 14 2 
	75 48 291 
	29 104 482 
	188 45 219 
	241 253 234 
	172 239 324 
	153 193 32 
	252 254 121 
	181 118 187 
	200 238 494 
	20 91 163 
	211 98 491 
	83 253 342 
	159 229 223 
	97 181 244 
	182 189 414 
	59 121 53 
	26 207 245 
	163 236 217 
	130 240 249 
	86 12 168 
	248 89 359 
	200 140 227 
	232 228 326 
	147 198 198 
	250 35 220 
	23 30 213 
	156 176 221 
	133 232 169 
	223 35 154 
	69 81 255 
	222 105 157 
	223 103 120 
	125 145 72 
	248 224 108 
	191 145 386 
	189 42 57 
	153 212 56 
	247 247 50 
	253 241 49 
	127 44 48 
	40 33 35 
	115 57 34 
	43 215 25 
	186 107 21 
	157 184 18 
	2 200 16 
	226 254 1 
11
	46.6726 232.841 833 110 1 1 0 2
		-0.289452 28
		-0.384808 28
	180.188 163.915 1452 107 1 1 1 3
		-2.91641 28
		2.73807 28
		2.42557 12
	143.246 219.116 1500 99 0 1 1 2
		-2.98605 28
		2.04713 12
	101.194 229.029 97 115 1 1 0 1
		-1.24291 16
	145.357 117.172 919 109 1 1 0 1
		-0.0322159 28
	136.661 134.85 767 111 1 0 1 3
		-2.09884 28
		-0.765877 28
		2.29662 12
	71.2604 111.359 413 113 1 0 0 1
		2.49187 12
	67.3973 193.592 305 114 1 0 1 2
		2.59708 28
		-2.96548 16
	17.2063 61.8064 27 116 1 0 0 1
		-1.56259 12
	35.5278 86.8038 953 108 1 0 0 2
		-1.21898 28
		-1.60614 24
	94.871 114.868 466 112 1 1 0 1
		-0.0345759 12
15
	213.532 224.384 1544 3 0 
	72.4558 138.349 557 7 0 
	236.411 165.958 671 3 0 
	84.519 4.87584 616 6 0 
	113.266 15.5239 1289 3 0 
	55.3627 70.6858 1383 4 0 
	90.7103 19.6294 303 3 0 
	174.598 116.382 146 3 0 
	159.333 92.9097 139 3 0 
	87.7496 100.603 47 3 0 
	98.6127 74.7958 40 3 0 
	85.9454 79.7217 33 3 0 
	62.2982 74.6732 26 3 0 
	93.5393 163.498 21 3 0 
	73.3726 158.328 14 3 0 
