225
	245 209 499 
	138 69 498 
	24 116 487 
	170 230 478 
	184 84 477 
	34 36 476 
	201 223 474 
	199 146 472 
	207 106 460 
	242 130 458 
	135 13 455 
	194 201 453 
	175 54 452 
	146 205 451 
	147 254 450 
	166 88 449 
	105 208 448 
	13 73 447 
	78 131 446 
	64 214 445 
	252 22 443 
	47 69 442 
	191 208 438 
	237 189 436 
	86 150 435 
	254 46 432 
	70 119 430 
	203 86 429 
	199 38 427 
	35 236 425 
	44 221 421 
	207 235 420 
	231 204 418 
	12 57 417 
	59 137 415 
	122 143 413 
	233 145 411 
	196 16 410 
	224 226 406 
	199 197 401 
	246 90 400 
	129 99 396 
	87 253 395 
	113 209 394 
	255 2 391 
	236 10 390 
	25 220 386 
	227 120 385 
	84 172 383 
	46 241 382 
	248 40 381 
	211 17 378 
	133 115 376 
	22 157 375 
	29 234 368 
	154 218 364 
	196 240 363 
	115 166 361 
	215 185 360 
	62 121 359 
	161 175 354 
	168 90 350 
	32 125 349 
	76 95 348 
	190 66 345 
	220 122 343 
	180 37 338 
	84 155 336 
	146 15 335 
	212 193 332 
	244 12 329 
	33 29 328 
	192 157 322 
	33 186 319 
	47 26 318 
	87 22 317 
	125 48 316 
	150 88 315 
	75 250 314 
	219 58 313 
	218 195 312 
	82 253 309 
	133 145 308 
	71 162 307 
	241 45 306 
	144 102 302 
	166 90 300 
	199 245 294 
	16 132 293 
	56 208 290 
	250 95 288 
	104 219 287 
	212 187 286 
	228 67 282 
	196 27 273 
	15 33 271 
	95 40 270 
	205 74 269 
	223 134 268 
	80 50 267 
	123 180 266 
	196 198 265 
	167 92 263 
	75 29 262 
	96 54 261 
	110 62 260 
	156 140 258 
	206 210 254 
	19 57 252 
	180 22 248 
	201 118 245 
	164 239 244 
	94 75 242 
	1 141 239 
	197 198 238 
	174 41 237 
	168 253 235 
	178 16 230 
	115 138 229 
	252 101 227 
	20 107 226 
	37 244 221 
	66 203 220 
	103 68 219 
	9 253 218 
	231 207 214 
	46 52 213 
	134 141 210 
	24 225 208 
	201 54 204 
	240 41 203 
	27 186 199 
	9 23 198 
	82 232 194 
	163 58 189 
	105 124 186 
	104 96 184 
	189 125 183 
	186 206 181 
	25 94 179 
	36 241 178 
	140 195 175 
	212 144 173 
	151 57 172 
	40 204 171 
	185 15 168 
	167 127 167 
	203 232 165 
	32 204 162 
	152 75 161 
	60 131 157 
	142 80 156 
	97 157 155 
	84 172 153 
	194 29 152 
	75 180 151 
	38 22 150 
	89 77 148 
	16 250 147 
	129 109 144 
	130 101 141 
	82 184 140 
	43 188 139 
	23 223 138 
	135 234 137 
	51 138 136 
	237 69 131 
	154 182 129 
	249 252 126 
	121 244 124 
	164 111 123 
	170 86 122 
	165 218 121 
	97 139 119 
	241 95 118 
	212 14 116 
	222 101 115 
	32 102 113 
	83 73 112 
	175 22 110 
	110 253 109 
	230 151 108 
	207 123 101 
	165 222 100 
	113 217 99 
	73 188 96 
	108 149 93 
	184 193 92 
	174 249 91 
	88 174 88 
	132 181 85 
	164 9 84 
	161 133 81 
	203 223 79 
	127 53 78 
	83 209 76 
	82 166 74 
	125 123 73 
	142 15 70 
	55 146 69 
	110 239 66 
	107 214 65 
	247 42 64 
	107 174 63 
	92 250 61 
	247 171 60 
	32 247 58 
	220 226 56 
	242 12 55 
	150 41 52 
	145 86 50 
	60 158 46 
	7 240 35 
	62 4 28 
	127 41 27 
	92 65 26 
	166 241 25 
	168 66 21 
	164 208 20 
	81 189 18 
	58 101 15 
	12 140 9 
	210 159 6 
	25 183 4 
	165 80 2 
4
	53.9598 92.2814 1226 37 1 0 1 2
		-0.937242 28
		-1.43724 12
	72.2925 173.058 1267 36 1 1 1 2
		0.664994 28
		2.05234 16
	64.1966 144.134 1390 35 1 1 0 2
		-1.45972 28
		0.401943 28
	40.2775 108.975 223 38 1 1 0 1
		-1.95347 24
1
	60.2013 202.326 1068 3 0 
