209
	76 183 358 
	58 82 304 
	80 253 251 
	252 43 237 
	202 200 276 
	235 191 74 
	120 181 62 
	252 137 203 
	159 229 85 
	100 171 302 
	216 150 370 
	252 220 136 
	219 39 344 
	198 50 390 
	5 130 231 
	170 237 144 
	188 232 214 
	89 181 119 
	87 157 489 
	41 144 116 
	128 58 146 
	188 152 321 
	103 247 107 
	40 133 161 
	3 146 76 
	223 144 435 
	62 134 121 
	232 7 450 
	108 117 443 
	95 112 165 
	227 226 414 
	64 149 126 
	202 235 163 
	31 19 189 
	137 108 35 
	224 241 353 
	83 119 434 
	192 37 345 
	174 194 208 
	114 234 461 
	223 200 196 
	190 124 263 
	70 41 115 
	34 173 368 
	50 148 294 
	122 7 407 
	247 64 181 
	139 39 180 
	150 196 120 
	81 253 372 
	155 178 397 
	219 78 188 
	129 117 150 
	188 117 113 
	96 90 106 
	243 154 2 
	119 102 94 
	26 11 442 
	23 8 491 
	92 96 340 
	126 191 291 
	3 221 5 
	144 43 52 
	171 216 418 
	209 183 266 
	14 61 328 
	203 38 236 
	181 211 89 
	77 248 48 
	164 56 488 
	24 174 33 
	62 3 356 
	3 153 421 
	168 37 235 
	73 225 230 
	212 243 262 
	192 73 123 
	126 116 159 
	181 53 400 
	209 240 96 
	79 82 22 
	212 29 282 
	248 249 252 
	201 187 295 
	231 31 204 
	58 196 436 
	36 43 322 
	15 150 105 
	237 10 272 
	114 76 234 
	10 219 299 
	128 127 323 
	223 107 177 
	122 43 297 
	198 92 142 
	39 25 332 
	31 212 103 
	131 171 241 
	205 29 457 
	226 132 141 
	204 26 265 
	35 158 9 
	144 44 51 
	94 115 41 
	171 210 63 
	56 81 277 
	131 45 447 
	65 103 140 
	247 172 156 
	153 106 127 
	84 134 260 
	230 219 455 
	247 155 286 
	143 91 80 
	117 231 83 
	200 212 129 
	111 71 167 
	228 236 374 
	124 136 317 
	149 244 364 
	86 127 451 
	217 159 37 
	128 60 425 
	192 230 288 
	158 228 497 
	176 235 118 
	1 31 166 
	41 214 377 
	95 170 300 
	71 76 211 
	230 232 201 
	133 89 273 
	190 128 337 
	61 91 275 
	240 29 185 
	142 5 490 
	210 47 30 
	208 73 341 
	88 178 472 
	249 53 446 
	107 96 366 
	238 24 224 
	20 157 335 
	180 146 29 
	8 168 207 
	30 244 148 
	96 186 274 
	45 7 285 
	191 165 153 
	246 42 417 
	153 36 311 
	118 43 227 
	98 236 172 
	113 229 174 
	54 23 8 
	194 62 184 
	203 128 362 
	248 238 459 
	205 148 428 
	21 41 239 
	18 217 326 
	183 173 117 
	253 25 308 
	201 243 28 
	110 165 59 
	110 234 147 
	162 224 351 
	37 190 468 
	125 40 108 
	87 148 319 
	93 91 331 
	118 192 315 
	98 170 168 
	172 189 100 
	238 71 70 
	72 109 69 
	121 108 72 
	207 99 65 
	204 41 43 
	17 54 61 
	194 158 143 
	168 172 55 
	133 29 53 
	74 126 145 
	235 71 23 
	206 222 46 
	115 55 39 
	234 7 27 
	164 41 493 
	53 205 480 
	153 54 471 
	159 231 478 
	14 168 437 
	90 144 373 
	141 30 431 
	19 32 306 
	129 103 385 
	127 105 310 
	203 249 342 
	8 197 380 
	245 49 378 
	215 16 367 
	152 206 154 
	126 37 359 
	40 187 346 
	217 228 221 
	53 12 217 
	23 167 215 
	26 255 209 
13
	46.6726 232.841 161 110 1 1 0 1
		2.00258 20
	180.188 163.915 780 107 1 1 0 2
		-2.91641 28
		3.03142 20
	143.246 219.116 1500 99 0 1 1 2
		-2.98605 28
		2.04713 12
	72.4558 138.349 876 106 1 0 1 2
		1.52494 28
		-2.15703 16
	81.8155 56.1395 1467 101 1 1 1 2
		-2.08284 28
		-1.06194 24
	42.9952 202.658 1421 102 1 1 0 2
		2.4464 28
		1.32772 20
	136.286 108.81 1000 104 1 1 1 3
		-0.603934 28
		0.994183 28
		2.68168 12
	84.519 4.87584 1140 103 1 1 1 2
		1.17346 28
		-0.264038 12
	55.3627 70.6858 887 105 1 0 1 2
		0.52177 28
		2.08427 12
	35.5278 86.8038 281 108 1 0 1 2
		-1.21898 28
		1.87444 16
	208.774 170.449 1500 100 0 1 1 2
		-0.161066 28
		2.68662 4
	145.357 117.172 247 109 1 0 0 1
		-1.38115 12
	136.661 134.85 95 111 1 0 0 1
		-2.6374 16
13
	42.9825 33.2336 1978 3 0 
	42.7119 89.0065 1863 8 0 
	64.5148 42.3799 1992 7 0 
	192.895 206.581 1807 3 0 
	142.027 157.481 1999 3 0 
	106.619 105.193 711 3 0 
	144.292 119.365 1402 3 0 
	57.592 132.264 1655 8 0 
	232.818 167.716 858 8 1 100
	213.532 224.384 872 3 0 
	55.1696 121.061 1251 3 0 
	114.346 223.735 418 3 1 99
	113.266 15.5239 617 3 0 
