4
	10 10 291 
	100 100 291 
	200 200 291 
	210 210 291 
4
	150 100 1'288 7 1 0 0 3
		0 28
		1 28
		1.25 12
	40 120 788 77 1 0 0 4
		1.56 28
		2.56 28
		1 28
		1.25 12
	160 180 488 777 1 0 0 5
		-1.5 28
		-0.56 28
		0 28
		0.5 28
		1.9 12
	20 30 388 77'777 1 0 0 7
		0 28
		0.45 28
		0 28
		0.5 28
		0 28
		-0.3 28
		0.75 26
9
	200 200 289 3 0 
	30 220 289 7 0 
	200 100 289 5 0 
	100 100 289 6 0 
	96.8547 174.384 81 3 0 
	79.028 161.39 74 3 0 
	57.1539 177.71 67 3 0 
	49.6771 201.814 60 3 0 
	50 220 53 3 0 
