169
	51 138 122 
	201 223 460 
	92 250 47 
	133 115 362 
	254 46 418 
	166 241 11 
	212 14 102 
	97 139 105 
	1 141 225 
	46 52 199 
	92 65 12 
	75 250 300 
	190 113 489 
	166 90 286 
	84 155 322 
	196 27 259 
	164 239 230 
	9 253 204 
	211 17 364 
	255 2 377 
	240 41 189 
	127 41 13 
	206 210 240 
	129 99 382 
	82 232 180 
	62 121 345 
	207 123 87 
	15 33 257 
	82 166 60 
	56 208 276 
	123 180 252 
	83 73 98 
	205 74 255 
	167 92 249 
	66 203 206 
	83 209 62 
	104 96 170 
	107 174 49 
	151 57 158 
	110 253 95 
	129 109 130 
	7 240 21 
	59 137 401 
	236 10 376 
	147 254 436 
	36 241 164 
	86 150 421 
	201 118 231 
	87 253 381 
	230 151 94 
	27 186 185 
	199 245 280 
	247 42 50 
	194 29 138 
	250 95 274 
	154 182 115 
	197 198 224 
	44 115 73 
	82 184 126 
	189 125 169 
	203 86 415 
	231 207 200 
	219 58 299 
	13 73 433 
	184 193 78 
	150 41 38 
	245 209 486 
	168 253 221 
	146 205 437 
	222 101 101 
	115 138 215 
	22 157 361 
	12 57 403 
	71 162 293 
	75 180 137 
	207 235 406 
	174 249 77 
	125 48 302 
	228 67 268 
	25 220 372 
	16 250 133 
	87 22 303 
	115 166 347 
	231 204 404 
	46 241 368 
	252 101 213 
	125 123 59 
	47 69 428 
	82 253 295 
	146 15 321 
	75 29 248 
	203 232 151 
	73 188 82 
	95 40 256 
	241 45 292 
	196 240 349 
	104 219 273 
	165 218 107 
	58 107 490 
	47 94 266 
	191 208 424 
	110 239 52 
	199 38 413 
	25 94 165 
	218 195 298 
	113 217 85 
	163 58 175 
	144 102 288 
	38 22 136 
	192 157 308 
	135 13 441 
	113 209 380 
	190 66 331 
	59 105 327 
	47 26 304 
	142 15 56 
	164 208 6 
	105 124 172 
	60 158 32 
	43 188 125 
	108 149 79 
	203 223 65 
	20 107 212 
	237 69 117 
	121 244 110 
	252 22 429 
	249 252 112 
	194 201 439 
	122 143 399 
	78 131 432 
	207 106 446 
	246 90 386 
	19 57 238 
	165 222 86 
	244 12 315 
	170 86 108 
	33 107 316 
	175 54 438 
	248 40 367 
	201 54 190 
	41 105 177 
	174 41 223 
	37 244 207 
	9 23 184 
	140 195 161 
	130 101 127 
	62 4 14 
	184 84 463 
	212 144 159 
	55 146 55 
	107 214 51 
	32 247 44 
	127 53 64 
	154 218 350 
	247 171 46 
	145 86 36 
	237 189 422 
	32 125 335 
	32 204 148 
	168 66 7 
	199 146 458 
	242 12 41 
	215 185 346 
	138 69 484 
	105 208 434 
	198 156 494 
	40 204 157 
	81 189 4 
	58 101 1 
51
	64.5148 42.3799 1013 83 1 1 0 1
		-3.01252 24
	51.9406 189.397 1475 46 1 0 1 4
		-0.855605 28
		-0.58279 28
		2.23473 28
		0.422425 24
	144.814 83.3937 1343 62 1 1 1 2
		0.963441 28
		-0.536559 12
	31.2438 212.62 22 91 1 0 0 1
		-0.153731 12
	62.6263 123.959 409 88 1 0 0 1
		1.99032 16
	148.733 147.011 549 87 1 0 0 1
		-2.58381 16
	91.5445 72.1233 96 89 1 1 0 1
		-2.32329 12
	12.1035 182.643 1500 41 0 0 0 2
		-1.16833 28
		-0.632721 24
	52.2744 73.5166 1500 43 0 1 1 5
		-2.01629 28
		2.09195 28
		1.3056 28
		2.15203 28
		-2.72028 16
	203.046 173.59 1500 44 0 1 1 3
		0.836127 28
		3.0018 28
		1.94128 16
	181.469 100.359 1486 45 1 1 1 3
		-2.18928 28
		2.9904 28
		-1.44008 16
	49.2785 166.738 1448 47 1 0 1 4
		-1.22477 28
		-0.349979 28
		-1.52425 28
		-2.62054 20
	194.236 29.8776 1444 48 1 1 1 3
		0.444329 28
		-0.469486 28
		-2.15699 12
	218.953 134.67 1442 49 1 1 1 4
		2.4116 28
		2.77892 28
		3.10116 28
		2.31923 28
	157.225 63.6124 1428 50 1 0 0 3
		-3.01139 28
		-2.67171 28
		1.48921 20
	13.8297 57.6371 1420 51 1 1 1 2
		-1.4155 28
		-1.97824 32
	159.833 105.02 1409 52 1 0 1 3
		2.92941 28
		-1.34322 28
		1.53976 24
	224.582 211.495 1403 53 1 0 1 4
		2.5399 28
		2.73251 28
		2.98436 28
		0.546863 12
	30.6268 116.695 1401 54 1 0 0 3
		-0.220234 28
		-0.0802697 28
		1.89109 24
	152.363 42.2797 1391 55 1 1 1 5
		-2.59967 28
		-3.01591 28
		-3.13211 28
		-3.08743 28
		-2.61965 20
	52.76 146.434 1388 56 1 1 0 1
		-2.12072 16
	51.5633 84.5396 1374 57 1 1 0 1
		-1.99158 32
	241.549 94.5084 1370 58 1 0 0 1
		1.22412 24
	123.487 84.3938 1358 59 1 0 1 3
		2.56412 28
		-0.38605 28
		-1.76105 12
	11.045 154.123 1357 60 1 0 0 1
		-0.184408 20
	209.398 15.8059 1345 61 1 1 0 2
		-2.77611 28
		2.97677 20
	76.4226 131.621 1320 63 1 1 0 1
		2.71374 28
	55.2075 168.169 1316 64 1 0 0 1
		1.76106 12
	88.1168 180.289 1315 65 1 0 0 3
		2.05215 28
		0.577666 28
		-1.92768 36
	116.646 53.2631 1288 66 1 0 0 2
		-2.62141 28
		1.92979 36
	173.501 227.038 1270 67 1 1 1 3
		-1.81519 28
		1.63207 28
		0.16236 16
	118.895 120.367 1269 68 1 1 1 2
		1.98125 28
		2.28282 24
	83.511 231.831 1260 69 1 1 0 3
		3.05679 28
		2.91596 28
		-2.67901 28
	210.799 128.394 1239 70 1 0 1 2
		0.433991 28
		-1.67767 16
	129.199 10.5632 1232 71 1 1 1 2
		2.85129 28
		-0.494395 12
	75.9453 11.048 1225 72 1 0 1 2
		-3.11073 28
		-2.85541 24
	102.549 152.677 1206 73 1 0 0 3
		-0.136789 28
		-1.33327 28
		-0.178986 20
	97.8121 192.409 1206 74 1 1 1 3
		-0.429232 28
		1.68345 28
		-2.78752 32
	234.767 231.663 1189 75 1 0 0 2
		2.86401 28
		-0.393963 20
	147.859 236.812 1186 76 1 1 1 2
		-1.63106 28
		-0.960442 20
	57.9743 206.303 1178 77 1 0 0 1
		0.469102 32
	48.7654 38.7615 1176 78 1 1 1 2
		-2.37874 28
		1.57615 28
	138.739 199.022 1176 79 1 0 1 2
		-0.906005 28
		0.58231 20
	134.905 206.225 1153 80 1 0 0 2
		2.24045 28
		0.384096 32
	154.098 184.881 1142 81 1 1 0 1
		2.38523 12
	138.015 121.947 1106 82 1 0 1 2
		0.448241 28
		-2.70994 12
	198.334 179.115 958 84 1 1 0 1
		-3.13645 28
	16.6741 77.2539 806 85 1 0 0 1
		1.53608 28
	94.6902 244.382 663 86 1 0 0 1
		-0.790959 16
	226.705 218.647 25 90 1 0 0 1
		0.668537 12
	155.627 10.3927 14 92 1 0 0 1
		-2.49392 12
26
	186.418 213.311 1595 5 1 44
	195.242 243.217 1474 3 0 
	32.2155 221.275 1467 6 0 
	205 55 1353 7 0 
	42.425 142.688 1346 6 1 41
	39.0181 205.761 1339 3 0 
	82.8287 51.9079 1041 8 0 
	163.112 18.0403 1034 3 0 
	155.914 65.1661 1027 6 0
	191.887 64.5199 1020 3 0 
	226.259 73.2222 1013 6 0 
	229.758 100.97 55 3 0 
	47.2811 183.804 51 3 0 
	211.114 117.273 48 3 0 
	228.632 172.85 46 3 0 
	33.4932 205.326 44 3 0 
	70.5379 57.4867 44 3 0 
	201.171 109.225 41 3 0 
	234.251 192.732 39 3 0 
	80.0432 75.7457 37 3 0 
	216.399 85.8227 34 3 0 
	216.026 196.653 32 3 0 
	189.664 188.113 25 3 0 
	178.197 201.857 18 3 0 
	5.90258 120.763 11 3 1 43
	34.9166 134.958 4 3 0 
